20
34
6
50
3
3
0
19
17
3
3
0
7
10
0
9
0
9
12
0
9
0
7
26
0
9
0
11
29
0
9
0
18
25
0
9
0
2
14
12
11
0
9
10
1
4
0
18
15
11
5
0
10
30
8
4
4
0
7
28
4
4
0
5
6
1
4
0
12
17
2
2
0
10
21
2
2
0
2
29
2
2
0
11
0
2
2
0
3
19
2
2
0
13
23
2
2
0
13
25
2
2
0
10
18
5
0
0
13
27
5
0
0
4
9
6
0
0
2
21
9
10
0
13
10
9
10
0
15
30
8
99
0
8
2
5
0
0
19
6
7
0
0
17
33
7
0
0
17
5
6
0
0
1
33
9
10
0
4
2
8
99
0
4
21
6
0
0
10
6
7
0
0
18
1
9
10
0
13
20
8
99
0
14
23
9
10
0
19
13
6
0
0
2
27
9
10
0
5
28
9
10
0
0
25
6
0
1
3
21
5
0
1
19
5
6
0
2
2
32
6
0
3
3
33
7
0
4
17
2
6
0
4
2
33
6
0
4
4
32
5
0
5
18
7
6
0
5
5
33
6
0
6
3
20
